9001
9005
9007
9012
9017
9019
9021
9022
9026
9033
9034
9035
9037
9042
9046
9048
9050
9051
9060
9062
9064
9067
9069
9072
9074
9080
9082
9083
9084
9085
9088
9090
9093
9094
9100
9112
9116
9123
9126
9127
9128
9132
9137
9143
9147
9148
9153
9157
9167
9168
9172
9173
9179
9182
9183
9185
9188
9189
9193
9199
9204
9208
9210
9217
9219
9221
9223
9224
9226
9229
9233
9234
9235
9237
9245
9246
9248
9249
9259
9260
9263
9264
9265
9272
9274
9276
9277
9278
9284
9287
9296
9297
9303
9304
9307
9309
9312
9322
9324
9325
9326
9331
9333
9334
9335
9336
9339
9350
9351
9353
9356
9358
9359
9361
9362
9365
9370
9372
9375
9377
9379
9380
9384
9397
9400
9407
9410
9411
9414
9422
9430
9432
9435
9440
9442
9449
9450
9452
9454
9455
9456
9457
9459
9465
9467
9476
9478
9480
9482
9494
9495
9502
9507
9508
9510
9511
9515
9517
9519
9529
9535
9537
9539
9542
9549
9550
9553
9555
9557
9566
9568
9580
9584
9591
9592
9594
9597
9598
9601
9602
9604
9606
9610
9612
9615
9618
9622
9625
9629
9631
9633
9634
9646
9652
9653
9654
9657
9662
9663
9664
9665
9666
9668
9669
9672
9674
9676
9683
9685
9687
9699
9701
9704
9706
9707
9709
9710
9712
9713
9723
9724
9726
9727
9732
9733
9736
9738
9746
9747
9748
9753
9756
9758
9765
9775
9778
9781
9783
9803
9812
9818
9819
9820
9826
9831
9835
9844
9846
9851
9855
9857
9859
9866
9870
9873
9883
9884
9886
9888
9889
9890
9891
9896
9899
9900
9913
9924
9925
9927
9928
9930
9931
9935
9937
9943
9944
9945
9947
9951
9955
9960
9962
9963
9964
9965
9966
9970
9971
9973
9974
9975
9978
9980
9986
9989
9991
9993
9995
9999
10014
10017
10019
10021
10025
10030
10037
10038
10045
10048
10054
10055
10057
10064
10070
10073
10075
10079
10082
10086
10087
10088
10106
10109
10110
10111
10113
10114
10125
10128
10131
10132
10137
10145
10149
10154
10158
10161
10162
10167
10169
10172
10174
10175
10176
10178
10179
10186
10187
10189
10190
10193
10194
10196
10197
10199
10200
10207
10208
10213
10214
10225
10228
10238
10241
10245
10246
10249
10252
10253
10254
10258
10263
10270
10272
10274
10279
10280
10285
10286
10289
10291
10294
10297
10299
10301
10305
10307
10310
10311
10312
10314
10316
10318
10321
10322
10325
10326
10327
10328
10329
10332
10334
10337
10341
10343
10351
10352
10355
10356
10357
10358
10361
10366
10367
10368
10370
10377
10379
10380
10381
10382
10383
10387
10388
10389
10391
10392
10398
10407
10409
10414
10418
10420
10432
10435
10448
10452
10454
10457
10458
10469
10470
10476
10477
10479
10489
10490
10491
10495
10496
10501
10503
10507
10510
10512
10515
10517
10522
10524
10527
10528
10532
10534
10535
10539
10540
10542
10549
10552
10553
10558
10559
10567
10575
10577
10585
10587
10590
10592
10593
10597
10598
10601
10602
10609
10616
10617
10621
10624
10625
10629
10630
10633
10636
10639
10642
10643
10644
10651
10654
10658
10660
10661
10664
10666
10668
10676
10677
10678
10686
10687
10690
10696
10697
10698
10699
10700
10702
10703
10706
10710
10711
10712
10715
10722
10726
10730
10731
10735
10736
10744
10746
10748
10751
10756
10760
10764
10768
10769
10777
10780
10786
10787
10793
10794
10795
10796
10797
10798
10802
10813
10820
10822
10825
10827
10828
10831
10832
10833
10843
10847
10855
10856
10859
10861
10862
10863
10868
10869
10873
10887
10890
10893
10894
10897
10904
10907
10908
10920
10928
10944
10950
10953
10958
10959
10964
10966
10967
10970
10971
10974
10976
10979
10983
10993
10994
10995
10998
11006
11013
11014
11015
11019
11025
11028
11034
11038
11039
11041
11046
11047
11049
11053
11056
11057
11062
11063
11064
11065
11069
11073
11074
11075
11077
11080
11084
11087
11089
11090
11091
11095
11098
11101
11103
11110
11116
11117
11120
11122
11124
11126
11127
11137
11138
11142
11148
11154
11157
11160
11162
11165
11170
11171
11174
11177
11179
11182
11187
11188
11189
11191
11196
11197
11204
11205
11215
11217
11222
11232
11234
11235
11239
11243
11245
11246
11250
11253
11257
11265
11266
11268
11270
11271
11274
11275
11276
11279
11280
11284
11286
11288
11289
11292
11293
11294
11296
11301
11304
11305
11312
11314
11316
11318
11319
11321
11322
11323
11331
11336
11341
11342
11345
11346
11347
11348
11349
11350
11354
11361
11367
11369
11371
11373
11378
11380
11385
11392
11394
11396
11399
11401
11403
11410
11411
11415
11426
11432
11433
11435
11440
11441
11443
11444
11445
11446
11449
11452
11455
11460
11462
11464
11474
11479
11483
11495
11496
11498
11500
11501
11505
11507
11511
11514
11515
11518
11519
11520
11521
11530
11531
11536
11539
11546
11552
11553
11556
11557
11560
11564
11565
11566
11567
11569
11570
11573
11575
11576
11579
11580
11583
11585
11586
11594
11598
11599
11601
11602
11605
11608
11609
11612
11613
11619
11622
11628
11629
11630
11631
11633
11635
11636
11640
11643
11644
11653
11657
11658
11662
11664
11665
11668
11670
11671
11679
11681
11684
11687
11690
11694
11697
11698
11703
11706
11714
11715
11717
11722
11726
11727
11730
11731
11737
11746
11749
11750
11751
11752
11754
11755
11756
11757
11761
11765
11766
11769
11770
11771
11775
11779
11783
11784
11785
11787
11788
11790
11793
11795
11796
11800
11802
11803
11804
11809
11811
11812
11813
11818
11822
11824
11826
11828
11839
11842
11843
11844
11847
11850
11851
11852
11856
11870
11877
11881
11883
11885
11889
11890
11891
11893
11895
11899
11902
11903
11908
11909
11919
11920
11921
11922
11924
11925
11928
11931
11932
11938
11939
11946
11947
11950
11951
11955
11958
11962
11966
11969
11970
11976
11977
11981
11984
11985
11986
11992
11993
11997
12001
12003
12004
12008
12009
12010
12011
12015
12021
12022
12023
12034
12035
12037
12039
12043
12044
12045
12046
12048
12053
12062
12063
12066
12069
12077
12078
12080
12081
12082
12083
12084
12093
12099
12103
12107
12108
12119
12120
12124
12126
12129
12130
12134
12136
12140
12142
12144
12145
12150
12155
12156
12160
12164
12165
12166
12179
12195
12196
12198
12206
12209
12211
12216
12218
12223
12225
12231
12232
12235
12236
12240
12244
12246
12249
12253
12260
12262
12263
12265
12274
12276
12277
12280
12281
12302
12308
12309
12313
12314
12319
12320
12323
12327
12328
12329
12338
12341
12342
12343
12347
12348
12350
12354
12359
12361
12362
12363
12367
12370
12374
12375
12376
12381
12386
12388
12389
12390
12394
12397
12400
12403
12404
12405
12410
12416
12423
12436
12437
12438
12441
12449
12452
12459
12464
12467
12469
12470
12476
12481
12484
12486
12487
12492
12498
12501
12508
12512
12519
12520
12521
12524
12532
12534
12535
12537
12540
12543
12545
12554
12555
12557
12564
12566
12577
12578
12581
12582
12586
12591
12592
12593
12594
12601
12605
12612
12613
12616
12617
12618
12619
12628
12632
12636
12637
12640
12642
12643
12652
12655
12661
12662
12664
12667
12674
12677
12678
12679
12682
12683
12684
12687
12688
12693
12694
12695
12699
12701
12704
12705
12710
12716
12717
12721
12728
12729
12730
12734
12741
12746
12748
12749
12751
12754
12756
12766
12769
12771
12773
12782
12784
12789
12793
12794
12799
12806
12807
12810
12817
12823
12827
12828
12830
12832
12838
12840
12845
12849
12850
12851
12858
12862
12863
12865
12867
12868
12871
12874
12880
12881
12890
12892
12893
12896
12897
12899
12902
12905
12907
12908
12909
12911
12912
12914
12917
12920
12922
12924
12925
12929
12933
12934
12941
12942
12945
12951
12952
12958
12967
12971
12979
12980
12981
12983
12990
12992
12993
12996
13004
13005
13009
13016
13018
13022
13024
13030
13033
13040
13043
13046
13048
13049
13053
13055
13069
13075
13081
13083
13084
13088
13089
13091
13094
13096
13098
13100
13101
13103
13113
13116
13119
13121
13125
13126
13128
13129
13130
13136
13138
13139
13141
13142
13147
13157
13160
13170
13178
13179
13183
13184
13189
13190
13199
13203
13204
13205
13206
13209
13210
13216
13221
13227
13230
13237
13238
13240
13250
13252
13253
13259
13261
13269
13274
13280
13281
13286
13290
13291
13292
13295
13296
13298
13300
13305
13312
13315
13319
13320
13322
13324
13328
13337
13340
13341
13344
13348
13353
13359
13363
13365
13376
13377
13379
13380
13383
13386
13387
13388
13389
13391
13392
13395
13396
13397
13398
13407
13409
13411
13413
13420
13425
13426
13434
13435
13436
13437
13441
13445
13446
13448
13449
13452
13454
13455
13460
13465
13468
13470
13473
13479
13481
13483
13486
13490
13492
13495
13497
13499
13502
13504
13505
13508
13509
13512
13518
13521
13524
13532
13533
13534
13540
13543
13545
13556
13559
13560
13564
13566
13569
13570
13571
13574
13575
13576
13577
13579
13583
13586
13587
13590
13592
13593
13597
13598
13601
13609
13613
13622
13626
13627
13628
13630
13632
13635
13636
13637
13640
13643
13645
13646
13650
13651
13652
13653
13667
13670
13671
13675
13678
13681
13684
13685
13687
13688
13702
13714
13715
13716
13718
13719
13722
13723
13725
13726
13729
13731
13732
13733
13742
13746
13747
13758
13762
13766
13770
13772
13773
13779
13784
13785
13786
13789
13793
13795
13796
13798
13800
13802
13803
13805
13807
13810
13811
13814
13815
13816
13819
13824
13830
13831
13835
13838
13840
13841
13842
13852
13853
13854
13855
13856
13857
13861
13863
13866
13867
13868
13869
13874
13877
13880
13883
13884
13890
13893
13895
13897
13901
13902
13903
13908
13912
13917
13921
13922
13928
13929
13931
13933
13934
13937
13941
13942
13943
13950
13954
13960
13961
13963
13968
13970
13971
13975
13977
13978
13980
13989
13992
13993
13995
13998
14009
14015
14021
14022
14024
14027
14030
14031
14033
14037
14040
14041
14044
14049
14050
14052
14053
14060
14063
14065
14067
14068
14069
14071
14072
14074
14077
14079
14080
14087
14093
14099
14102
14104
14105
14108
14111
14112
14113
14114
14118
14119
14120
14121
14122
14127
14128
14132
14134
14136
14137
14139
14140
14141
14149
14150
14155
14157
14162
14163
14166
14167
14172
14173
14177
14187
14196
14197
14199
14202
14204
14207
14211
14214
14219
14223
14226
14233
14238
14244
14254
14256
14258
14260
14267
14268
14279
14287
14290
14293
14294
14295
14296
14299
14301
14303
14306
14307
14313
14317
14319
14329
14330
14334
14336
14339
14340
