# atoms in dihedral mapped to dihedral ID 
C-C-C-C		1	-0.6027	180	1.8057	0	0.6113	180
H-C-C-C		2	2.01256	180	0	0	0	0	
C-C-C-H		2	2.01256	180	0	0	0	0
H-C-C-H		3	1.1836	0	0.1956	0	0	0
H-N-C-C		4	0	0	0.009496	180	0	0
C-C-N-H		4	0	0	0.009496	180	0	0
N-C-C-C		5	3.4629	180	-0.3312	0	0.03201	-180
C-C-C-N		5	3.4629	180	-0.3312	0	0.03201	-180
N-C-C-H		6	2.4932	0	0	0	0	0
H-C-C-N		6	2.4932	0	0	0	0	0
S-C-C-C		7	2.9142	180	-0.2586	0	-0.004479	0
C-C-C-S		7	2.9142	180	-0.2586	0	-0.004479	0
S-C-C-H		8	2.8785	0	0	0	0	0
H-C-C-S		8	2.8785	0	0	0	0	0