# 40 atom porogen molecule template
1	1	3	0	12.33487	17.007031	7.412368
2	1	3	0	10.897262	16.874234	6.928512
3	1	3	0	10.25737	15.496914	6.930221
4	1	3	0	10.678589	14.53314	8.05429
5	1	3	0	9.684632	13.366925	8.249008
6	1	3	0	9.653351	12.403958	7.063842
7	1	3	0	8.769776	11.188214	7.285629
8	1	3	0	8.340866	10.5126     5.992904
9	1	3	0	6.979615	9.814465	6.18193
10	1	3	0	6.131485	9.46008     4.871704
11	1	3	0	4.744568	8.920285	5.352722
12	1	3	0	7.005234	8.363247	4.157699
13	1	3	0	6.093125	10.732006	3.953048
14	1	3	0	6.404755	7.533902	2.95372
15	1	3	0	7.121933	6.118298	2.756256
16	1	3	0	6.672821	5.349087	1.458374
17	1	3	0	5.207596	4.724743	1.510192
18	1	3	0	4.724594	4.472851	0.094986
19	1	3	0	3.426117	3.612332	0
20	1	3	0	2.482849	4.15344     1.144806
21	1	3	0	1.065491	3.538708	0.965118
22	1	3	0	0.270356	3.828808	2.301849
23	1	3	0	5.462494	12.007077	4.480575
24	1	3	0	5.10672     12.999844   3.306518
25	1	3	0	4.619583	14.384762	3.771728
26	1	3	0	4.576218	15.416088	2.593948
27	1	3	0	3.912644	14.951275	1.281814
28	1	3	0	2.486985	14.44508	1.389511
29	1	3	0	1.347733	15.478421	1.589935
30	1	3	0	0           14.817685	2.116973
31	1	3	0	0.094513	14.073376	3.481857
32	1	3	0	4.750779	7.459088	5.885727
33	1	3	0	3.383805	6.720608	5.516342
34	1	3	0	3.262574	5.227352	5.822631
35	1	3	0	4.54686 	4.476895	5.698806
36	1	3	0	4.197708	2.989666	5.829605
37	1	3	0	3.358826	2.377865	4.632995
38	1	3	0	3.701065	0.937909	4.631057
39	1	3	0	2.924988	0.131588	3.587646
40	1	3	0	1.376938	0           3.602859